      0    0 -8.48801715858E-01  0.00000000000E+00
      1    0  1.38128154242E-01  0.00000000000E+00
      1    1 -1.02510443245E+00 -4.21682349066E-01
      2    0 -6.68550137322E-01  0.00000000000E+00
      2    1 -7.68908098729E-01 -1.69725889115E-02
      2    2  1.09627848484E-01  3.83112796938E-01
      3    0  6.32756491462E-02  0.00000000000E+00
      3    1  5.53236375296E-01  8.75412909374E-02
      3    2  4.38230916726E-01  1.88561973881E-01
      3    3  4.05666868477E-01 -6.16779897826E-03
      4    0  2.15889939202E-01  0.00000000000E+00
      4    1 -2.25066089311E-01 -4.79571974322E-02
      4    2 -3.27365773156E-01 -1.01305564135E-01
      4    3 -1.98738142514E-01 -2.86373629659E-01
      4    4 -1.91283720090E-01  1.11069655272E-01
      5    0 -1.15237092470E-01  0.00000000000E+00
      5    1  2.97780418147E-02 -3.29819707696E-02
      5    2  1.79915914343E-01  1.43691281874E-01
      5    3  1.82775945200E-02  2.08982857504E-01
      5    4  3.67914521402E-02  1.09892541359E-02
      5    5  1.22009396741E-01 -7.69517399644E-02
      6    0  2.21186840334E-02  0.00000000000E+00
      6    1  1.08220345470E-01 -1.30283333126E-01
      6    2 -2.76010543205E-02 -7.86340976543E-02
      6    3 -5.87272171507E-02 -5.51160293402E-02
      6    4 -9.11228433044E-02 -1.32150071984E-01
      6    5 -3.17291588236E-02 -1.55926868619E-01
      6    6  1.35239209475E-02  1.17205195438E-01
      7    0  7.96113152739E-02  0.00000000000E+00
      7    1  1.47447939929E-01  5.24152023352E-02
      7    2  6.42625830701E-02  1.11707066960E-02
      7    3  1.69145807837E-02  7.21651162695E-02
      7    4 -4.44262832375E-04  2.97440631235E-02
      7    5 -2.95482064879E-02  9.00680017708E-02
      7    6 -7.96836988182E-02  3.33404125583E-02
      7    7  2.16350070110E-02 -1.60729511709E-02
      8    0  5.40495512516E-02  0.00000000000E+00
      8    1 -1.34325850385E-01  2.58014372300E-02
      8    2 -3.77618276780E-03  4.05283413832E-02
      8    3  2.75749023670E-03  4.86146156819E-02
      8    4  1.12965018885E-01 -1.59368719505E-02
      8    5  4.65799862703E-02  7.42545681456E-02
      8    6 -6.37814327788E-03 -2.08155306266E-02
      8    7  1.63524497720E-02  1.45708687115E-02
      8    8 -2.16437032555E-02  7.24171411845E-02
      9    0 -1.72043144844E-02  0.00000000000E+00
      9    1  8.29168558971E-02  2.08017351307E-02
      9    2  8.15266239223E-03 -3.13056188526E-02
      9    3 -9.95893553634E-03  1.18625490751E-02
      9    4 -1.01881789008E-01 -5.70515230835E-02
      9    5 -6.77768007432E-02 -1.09806092869E-01
      9    6  2.21911682286E-02 -2.04111259012E-02
      9    7 -2.48908533924E-02 -3.71997322907E-02
      9    8  9.40631207560E-02 -1.17115447327E-01
      9    9  2.12715130840E-02  1.90274496043E-02
     10    0 -6.21734396682E-02  0.00000000000E+00
     10    1  3.15565930977E-02  9.68121009720E-03
     10    2 -1.22471985834E-02  3.14343279716E-02
     10    3  4.06853897327E-03 -6.90042505756E-02
     10    4 -2.19621953691E-02  5.27994515615E-02
     10    5  1.02141099022E-02  5.33735805235E-02
     10    6 -3.48130526993E-03  3.13280308849E-02
     10    7  3.43240992889E-02  3.79305064919E-02
     10    8  3.00979188223E-02  1.44343208560E-02
     10    9  4.16048908254E-02  1.93923571864E-04
     10   10  1.01527265498E-01  1.20965379572E-02
     11    0  3.52093536315E-03  0.00000000000E+00
     11    1  3.45750525111E-04  4.09588193859E-02
     11    2  2.38884032700E-05  9.72920419293E-03
     11    3 -1.93765196174E-02  9.98028344374E-02
     11    4 -5.33773630634E-03 -1.65492370788E-02
     11    5  5.95740335011E-02  6.56080795737E-03
     11    6 -3.53441611770E-02 -4.89309434562E-03
     11    7  1.55509524496E-02  2.39313323509E-02
     11    8  4.84683505870E-03  1.70288273278E-02
     11    9  4.37667415344E-02  9.01407306627E-03
     11   10 -1.60750259558E-03  1.06223859390E-02
     11   11 -1.66956775720E-02  6.68733209171E-02
     12    0 -5.99069464583E-02  0.00000000000E+00
     12    1  1.63147836377E-02 -2.66161171510E-02
     12    2  3.04834107558E-02  9.62057001791E-03
     12    3 -3.44847198506E-02 -4.37308685218E-02
     12    4 -2.42419373655E-02  7.48121584390E-03
     12    5 -1.26939279794E-02 -2.07543939522E-02
     12    6  1.35615402416E-03  1.41512157719E-02
     12    7  3.24817124838E-02  4.39353808386E-02
     12    8 -4.35565844988E-03 -7.44349156588E-03
     12    9 -8.27418119975E-03  8.05049521399E-02
     12   10 -2.80410857032E-02 -1.26682862167E-02
     12   11  8.89325060047E-02  7.46882846931E-02
     12   12 -8.82765275423E-02  8.29798325252E-02
     13    0 -6.92182765761E-03  0.00000000000E+00
     13    1  4.14025844520E-02 -1.09128698598E-02
     13    2 -7.70317905587E-02 -4.62679570232E-02
     13    3  4.56041508522E-03 -2.88309085781E-02
     13    4 -1.96259519197E-02  1.24002690206E-02
     13    5  1.47584396645E-03 -6.02814273299E-02
     13    6 -5.56698988189E-03 -1.76510253117E-02
     13    7  1.64157532708E-02 -5.66243038095E-02
     13    8 -4.46103997128E-02  1.67653779215E-03
     13    9 -2.62387243813E-02 -4.41020880069E-02
     13   10  9.32914504949E-03 -1.79943955645E-02
     13   11 -1.69600407478E-02  1.30529643093E-03
     13   12 -1.73157940321E-02 -1.09342824544E-04
     13   13  5.14993548926E-03 -7.47844208157E-02
     14    0  3.07489881503E-02  0.00000000000E+00
     14    1 -3.91129912057E-02  1.74880965043E-03
     14    2  3.23986350323E-03  9.32559364710E-03
     14    3  6.68712280424E-02  2.86842598787E-02
     14    4  5.56021510086E-04 -1.33736936670E-02
     14    5  9.03498097540E-04  1.11746012201E-02
     14    6  3.12404734777E-02 -1.18899749151E-02
     14    7  1.33986487148E-02  3.80965226771E-02
     14    8 -1.06602655815E-03  5.31173443648E-02
     14    9 -2.59357132227E-02 -1.91359334119E-02
     14   10 -1.36649525258E-03  9.87649254082E-03
     14   11  8.56755790870E-04  2.76218209944E-02
     14   12 -2.54253212487E-03  1.20119186025E-03
     14   13 -2.32307013384E-02 -1.35909519288E-02
     14   14  2.19027014825E-04 -1.67205024647E-02
     15    0 -7.30639073524E-03  0.00000000000E+00
     15    1 -4.33884767523E-02 -1.42718908346E-02
     15    2 -1.82900317907E-02  1.03681653324E-02
     15    3 -2.18237447625E-02 -4.50436944946E-02
     15    4  6.44531703403E-03 -2.11720204161E-03
     15    5 -2.83291520029E-02  1.98534013290E-02
     15    6  5.60225863139E-02 -2.48122614907E-02
     15    7  4.32558204343E-02  3.08641439704E-02
     15    8  5.47322436261E-02  2.39232473077E-03
     15    9  8.96101464184E-03  1.10897038926E-02
     15   10  4.24004687923E-04  4.35679898538E-03
     15   11  3.49484707359E-02 -3.16897358276E-02
     15   12 -3.51991852673E-02 -2.27233306967E-02
     15   13  5.28426340301E-02  4.30649791035E-03
     15   14 -1.83060445169E-02  6.93767501623E-02
     15   15  3.88693463434E-02  1.90588799454E-03
     16    0 -1.47970059203E-02  0.00000000000E+00
     16    1 -1.11585683506E-02 -9.94258081734E-03
     16    2  4.09442826391E-02  6.21748727373E-03
     16    3 -3.60436668560E-02 -3.46072675315E-02
     16    4  1.62486328692E-02  3.66593402064E-02
     16    5  3.50924661657E-02  4.74900717784E-02
     16    6  1.90857597565E-02  2.87530473056E-02
     16    7  1.35016202657E-02 -9.02148906149E-03
     16    8 -4.39455464326E-02 -3.31244691172E-02
     16    9 -1.87569920849E-02 -7.51901683198E-02
     16   10 -6.79003709830E-03  1.77287398255E-02
     16   11 -1.87861217134E-02 -1.67131572282E-02
     16   12 -1.41408105386E-02  3.41024305984E-02
     16   13 -1.01993922298E-02  7.44618282741E-04
     16   14  2.40439721622E-02 -3.41498944516E-02
     16   15  1.19469249188E-02 -7.20574406422E-03
     16   16 -1.23104441460E-02 -2.92569052607E-02
     17    0  2.98648466075E-03  0.00000000000E+00
     17    1 -1.15159456552E-02 -8.51829780930E-03
     17    2  1.58430862481E-02 -3.66099967119E-02
     17    3 -3.17205488184E-02 -2.39733035811E-02
     17    4  4.63329726715E-02 -1.50992777032E-02
     17    5  1.59325477869E-02  1.54661977732E-02
     17    6 -2.26820178695E-03 -1.65469652293E-02
     17    7 -4.02003204322E-02 -5.05147776268E-03
     17    8 -1.55233926017E-02  2.08302684790E-02
     17    9 -4.99594531173E-03  5.24856367017E-02
     17   10 -5.08959986581E-04  6.76401150572E-02
     17   11 -2.76000489516E-02 -3.37128724030E-02
     17   12  3.66605396375E-02 -1.15742507438E-03
     17   13 -7.61029686633E-03  3.26002963716E-03
     17   14  8.26767704208E-04  3.05230690512E-02
     17   15 -5.97356833230E-03 -5.03921313677E-02
     17   16 -5.94456347416E-03  7.56045463517E-03
     17   17 -1.96284637898E-02  5.31831476844E-03
     18    0  3.86645260820E-02  0.00000000000E+00
     18    1  2.03745084275E-02  5.57833911639E-03
     18    2  3.47733866613E-03 -1.81751749122E-02
     18    3  4.60818089780E-02  4.16104717969E-02
     18    4  2.16707210083E-02  2.20185383802E-02
     18    5 -2.45627887172E-02 -1.34490344249E-02
     18    6 -3.62093715386E-02  2.43756295487E-02
     18    7  9.07488251598E-03 -5.69842972546E-02
     18    8  4.93121011971E-02  1.78279959354E-02
     18    9 -2.08000776937E-03  4.23449462489E-03
     18   10  5.06735363951E-02 -5.30898889049E-02
     18   11  4.52893365248E-02  4.02905479209E-03
     18   12 -9.97286378951E-03 -3.65834243979E-02
     18   13 -1.63581115436E-02  6.18629931106E-04
     18   14 -1.64736599294E-02  9.08354508175E-03
     18   15 -1.58487669331E-03 -3.15279565325E-02
     18   16  6.17496578104E-02  4.39136856861E-02
     18   17 -2.67352268079E-02 -1.44417071727E-02
     18   18  2.67882583554E-02 -3.66126457460E-02
     19    0 -1.08412511671E-02  0.00000000000E+00
     19    1  1.78000672653E-03  1.66332100813E-02
     19    2  1.54955391464E-02 -8.32672715099E-03
     19    3  1.21742968817E-02  3.94545907106E-02
     19    4 -1.87123889947E-02 -1.69264939167E-02
     19    5  3.48835185853E-03  1.78059354203E-02
     19    6  2.94772418505E-02  2.33883413374E-02
     19    7  3.42466844367E-02  1.74601623354E-02
     19    8  3.12399499518E-03  3.02899238925E-02
     19    9 -3.64886159605E-02 -4.20667858741E-03
     19   10 -2.40676469474E-02 -3.44668847852E-02
     19   11 -3.93232597966E-05 -1.10394791845E-02
     19   12 -1.60254060157E-02 -6.28500263302E-03
     19   13  4.70854471003E-03  4.24389512659E-02
     19   14  7.15848694302E-03  5.00008835411E-03
     19   15 -2.44283869390E-02  3.03042394199E-02
     19   16 -7.51239179700E-03  5.59023446850E-02
     19   17 -3.27905398300E-03 -7.71113084067E-03
     19   18 -1.73485894528E-02  6.01215011652E-03
     19   19  2.78388116738E-02  4.30169376197E-03
     20    0 -2.77810390903E-02  0.00000000000E+00
     20    1  1.58960153770E-02 -1.39580295572E-02
     20    2 -1.03894884452E-02  3.48709468546E-02
     20    3 -1.11049885743E-02 -8.12844326637E-03
     20    4  4.90879879212E-03 -1.17363067316E-02
     20    5  1.23304821692E-02 -2.00786999102E-02
     20    6  2.56406069154E-03 -5.32190735803E-03
     20    7 -3.14075094066E-02 -1.35799079038E-02
     20    8 -1.41814666881E-02  2.20575423668E-02
     20    9 -2.43595024442E-02 -2.41220062924E-02
     20   10 -1.02507378349E-02 -4.03227767646E-04
     20   11  1.19902777358E-02 -8.75707529022E-05
     20   12 -2.01067663234E-02  2.55682984286E-02
     20   13 -1.80471752029E-03 -1.68611054750E-02
     20   14 -2.20466700356E-02 -4.40096087691E-02
     20   15 -3.51431351454E-02 -1.11755871210E-02
     20   16  2.06346546460E-02 -4.90651128061E-02
     20   17 -5.00742184487E-03 -3.95958337123E-02
     20   18 -1.65893608915E-03  1.77855851726E-02
     20   19 -1.67806140408E-02 -2.16829095079E-02
     20   20 -4.30828435266E-03 -5.76374983415E-04
     21    0  1.26728387925E-02  0.00000000000E+00
     21    1  3.53085077046E-04  3.34181751408E-02
     21    2 -2.24637431156E-02  7.04225196807E-03
     21    3 -1.15825250324E-02  7.93844661752E-03
     21    4 -2.06181738594E-02  1.19180415150E-02
     21    5  1.42330461038E-02  4.89939861769E-03
     21    6 -1.16820864870E-02 -1.28116224823E-02
     21    7 -9.78357290217E-03  4.73917924314E-02
     21    8 -8.57765567965E-03  1.42583400454E-02
     21    9  1.10978644149E-02 -3.20205183527E-02
     21   10  2.13836761309E-02  4.23313388641E-03
     21   11  2.50036765686E-02 -4.07135568611E-03
     21   12 -7.70823176733E-03 -2.47836747189E-02
     21   13  3.63304240199E-02 -4.28825105130E-03
     21   14 -1.64600124271E-02  9.54248689198E-03
     21   15 -9.66619639668E-03  8.86631691403E-03
     21   16  2.87543486816E-02 -4.81608041374E-03
     21   17 -3.24099196680E-02  3.85912908505E-02
     21   18  1.50133756129E-02  5.90252673581E-03
     21   19 -1.69529100641E-03 -1.19342768750E-02
     21   20  1.60026726544E-03  1.88744272774E-02
     21   21 -1.69636868231E-03 -3.59186018098E-03
     22    0  8.34841169004E-03  0.00000000000E+00
     22    1 -2.37889781521E-02  2.64267047217E-04
     22    2  1.72389342310E-02 -2.46744481106E-02
     22    3  1.77967195480E-02  8.15098607419E-03
     22    4  3.14537130899E-02 -3.80584654294E-03
     22    5  2.87795119773E-02 -5.31420935316E-02
     22    6 -3.10648340163E-02  1.11631444519E-02
     22    7  9.43572385167E-04  9.14981190329E-03
     22    8  2.17912010294E-02 -4.23678640182E-02
     22    9  4.14611520064E-02  5.36400248111E-03
     22   10 -1.02131558384E-03  2.37381455965E-02
     22   11 -4.80621106720E-03 -4.50629810598E-03
     22   12  5.40713830212E-03  1.37747316761E-02
     22   13 -5.80697046808E-03  4.20113065955E-03
     22   14 -6.93840646113E-03 -1.15454169598E-02
     22   15  2.65418239900E-02 -1.54928074801E-02
     22   16 -1.07702524972E-02  7.21805309458E-03
     22   17  2.03282919629E-03  5.81762494095E-03
     22   18  2.68559531906E-02 -3.71894917093E-02
     22   19 -1.30070292808E-03  1.64438129703E-02
     22   20  1.58569843221E-02  7.16175948887E-03
     22   21  1.61822295095E-02 -2.67866432254E-02
     22   22  2.95562149600E-02 -6.53559820006E-03
     23    0 -3.24421575313E-02  0.00000000000E+00
     23    1  2.08488935146E-03 -8.52508686890E-04
     23    2 -1.10213510782E-02 -2.96936138224E-03
     23    3 -5.38583484232E-03  5.08737213731E-03
     23    4 -3.52144079523E-02 -2.32962452160E-02
     23    5  5.98904755240E-03  2.60107157378E-02
     23    6 -2.74628328417E-02  1.18718370805E-02
     23    7 -2.75582403250E-04 -2.62766648583E-02
     23    8 -2.99894477861E-03 -9.65548598468E-03
     23    9  1.46823094471E-02  3.71865085910E-03
     23   10 -3.94959639687E-02  6.09797511635E-03
     23   11 -1.83375664975E-02 -4.96433168346E-03
     23   12 -3.89561418705E-03  1.33478983874E-02
     23   13 -5.65824427318E-03  1.57239747181E-02
     23   14  2.10521720985E-03 -4.85847840073E-04
     23   15  6.30659468269E-03 -3.17432822367E-04
     23   16 -1.30435072346E-02  9.23979233018E-03
     23   17  2.08284696647E-02 -8.80056359692E-03
     23   18  6.99993973489E-03  1.07173215929E-02
     23   19 -4.64491116510E-03  2.39712865071E-02
     23   20  1.86251540240E-02 -8.98085677664E-03
     23   21  2.23911637766E-04  4.85803238588E-03
     23   22 -1.25724345497E-02 -4.09306735734E-03
     23   23 -1.67861408377E-02  3.42801455787E-02
     24    0  4.97368007880E-03  0.00000000000E+00
     24    1  2.77942255734E-02 -7.34910177695E-03
     24    2 -5.07971953617E-03  1.27273870721E-02
     24    3 -1.06965041512E-03 -2.71898882806E-04
     24    4  1.18115124806E-02  1.23327684750E-02
     24    5 -2.47493816075E-02 -5.20189161794E-03
     24    6 -6.02537637745E-03 -2.29958669139E-02
     24    7  3.14626883057E-02 -2.46378227997E-02
     24    8  2.85303497924E-02  1.06505368215E-02
     24    9 -2.35465203918E-02  3.60946864127E-03
     24   10 -3.94677902554E-02  1.11107099100E-02
     24   11  1.07223311020E-02 -1.37043692449E-02
     24   12  2.98467569688E-03  1.39934497900E-02
     24   13  2.11122339021E-02 -1.84699838207E-02
     24   14  2.01869090826E-02 -1.86990277756E-02
     24   15 -5.37890599351E-03  2.62709049033E-02
     24   16 -4.76441716210E-03  2.13399377164E-02
     24   17  2.16206952101E-02 -4.68613113987E-03
     24   18 -1.34491563360E-02 -6.58215517376E-03
     24   19 -3.03657456635E-03  5.25337494143E-04
     24   20 -1.59406416869E-02  8.28990895970E-03
     24   21 -6.18979728974E-03  1.15453980923E-02
     24   22 -2.97447232376E-03  2.94622991237E-02
     24   23 -4.92655959220E-03 -2.06919979432E-02
     24   24  3.89456395906E-02 -1.39581386536E-02
     25    0 -1.13310862881E-02  0.00000000000E+00
     25    1 -1.03847995687E-02 -9.30146643498E-03
     25    2 -1.42903642611E-02 -3.77736715564E-03
     25    3  2.02781301491E-02 -1.98179378648E-02
     25    4 -1.26945109280E-02  1.00204435832E-02
     25    5 -2.39523541272E-02  1.84556663319E-02
     25    6  3.79222173287E-02  9.90691597253E-04
     25    7  2.99540987812E-02  7.00479903087E-03
     25    8 -2.65490406689E-02  5.59608154656E-03
     25    9 -5.42351451026E-03 -5.93853996633E-04
     25   10  1.26074040677E-02 -1.49230848502E-02
     25   11  2.07467696491E-02  7.93000301814E-03
     25   12  6.18747666269E-03  3.54123037259E-03
     25   13  5.68527680155E-03 -4.39268803521E-03
     25   14 -1.57967106230E-02 -1.09890877195E-03
     25   15 -1.88399662628E-02 -6.42263981878E-03
     25   16  3.10568529021E-02 -2.05953534934E-02
     25   17  1.79799677130E-02 -1.67860555839E-02
     25   18 -3.00413543803E-02  3.66143360256E-03
     25   19 -6.26835013240E-03 -2.77617506449E-03
     25   20  1.92071425580E-04 -8.35586603070E-04
     25   21  4.14578914783E-02  3.47569506545E-03
     25   22 -1.33053704984E-02 -1.20321199644E-02
     25   23  1.75199676116E-02 -3.13197419041E-02
     25   24  2.23239653466E-02  3.21411676781E-03
     25   25 -2.30595854545E-02  5.12148164767E-03
     26    0  3.80968770808E-03  0.00000000000E+00
     26    1 -3.10902310892E-03  7.67618986431E-03
     26    2  1.64185927592E-02  1.64864506218E-03
     26    3  1.29735016556E-03 -6.09042800135E-03
     26    4 -3.51787187415E-03  4.04337222468E-03
     26    5  7.71443828165E-03 -1.13784238284E-02
     26    6 -1.75954623129E-02 -9.93371363611E-03
     26    7 -2.42790385072E-02  8.34370511286E-03
     26    8  3.56534998136E-04  2.35221599177E-04
     26    9  2.28764582567E-02  1.02131424786E-02
     26   10 -3.24468943351E-02 -1.28527288374E-03
     26   11 -7.27724752286E-03  1.04132464378E-02
     26   12  1.91207910027E-02 -1.54192088281E-02
     26   13 -1.64157066528E-02  1.73571540213E-02
     26   14  3.13485762731E-03 -3.08078634073E-02
     26   15  1.59081428951E-02 -2.07663618862E-02
     26   16  5.18468114276E-03  3.86843701820E-03
     26   17 -2.53428901552E-02  7.18033765777E-03
     26   18 -7.70466508915E-03  3.60049658534E-02
     26   19  1.47598762450E-02 -1.07064848068E-03
     26   20  2.73366105516E-03 -3.50900981533E-03
     26   21 -8.13030887377E-03 -1.64002152980E-02
     26   22 -4.33008166612E-02  3.41218245959E-02
     26   23  1.83495320718E-02  4.40492138823E-03
     26   24 -1.20092909509E-02  2.48760320951E-02
     26   25 -1.97346311177E-02  1.38397134817E-02
     26   26  3.33549622871E-03  1.14868326601E-02
     27    0 -1.48271179657E-02  0.00000000000E+00
     27    1  2.61155698067E-02 -7.43533219674E-03
     27    2 -8.30107848225E-03 -9.79423755353E-03
     27    3  7.29446360807E-03  2.03179643398E-02
     27    4 -9.51438209577E-03 -4.02488649773E-03
     27    5 -1.67310093725E-02  1.29283496361E-02
     27    6  8.54419857735E-03  2.27093652615E-03
     27    7  1.76728298637E-02  1.10713473532E-02
     27    8  1.08035540958E-02  3.89110792571E-03
     27    9  6.25039184047E-03  2.49431735948E-03
     27   10  6.30727406139E-03  9.15759139193E-03
     27   11  4.71170485443E-03 -8.06176663656E-04
     27   12 -3.14253463787E-02 -1.62270430846E-02
     27   13 -2.50419937229E-03  2.08633773342E-02
     27   14 -1.21876951330E-03 -2.60166464010E-02
     27   15 -4.84472925353E-04  5.89446660542E-03
     27   16  1.21569056898E-02  8.55335707801E-03
     27   17  6.32489581868E-03 -3.97743207817E-03
     27   18  1.92621552122E-02 -1.84080842204E-03
     27   19 -8.89728602465E-03 -1.73409468993E-02
     27   20  7.02027348118E-03 -1.92130176844E-02
     27   21  1.01542508124E-02 -1.66139881388E-02
     27   22  1.40221029971E-02  2.60131281320E-03
     27   23  8.37391447513E-03 -3.00134412306E-02
     27   24  4.52009873904E-03  2.04242505473E-02
     27   25  2.47385810352E-02 -1.43302838458E-02
     27   26  1.33655975608E-02  2.79362437945E-03
     27   27 -1.34237518948E-02 -1.00974097727E-02
     28    0  3.02616199034E-02  0.00000000000E+00
     28    1 -1.48702575496E-02  2.20538399122E-02
     28    2 -4.34904388105E-03  2.25231894222E-02
     28    3 -1.15345820509E-02 -1.19684515784E-02
     28    4 -1.52352803659E-02  3.31932379299E-04
     28    5  6.12974359831E-03 -1.12045760089E-02
     28    6  2.26035334022E-02  4.25787753968E-03
     28    7 -2.43537860015E-02 -1.40247946063E-02
     28    8 -2.18894415640E-03 -2.54836669859E-03
     28    9 -1.85474824094E-02 -2.58464921981E-03
     28   10  2.88880650394E-03 -3.54579375963E-02
     28   11  8.53571133418E-03  6.50856632833E-03
     28   12 -5.08581513569E-03 -1.49685484624E-02
     28   13  2.29778991246E-03 -3.46384998673E-03
     28   14  1.23400663211E-02 -1.81445887332E-02
     28   15  3.29090880710E-03  2.71564872417E-02
     28   16 -5.39023547030E-03 -2.40274646535E-03
     28   17 -1.24210820787E-02 -1.03363384757E-02
     28   18 -5.72930400424E-03  1.15906120160E-02
     28   19  2.05823359330E-02  2.78987334063E-03
     28   20  6.33131583660E-04  6.94755444654E-03
     28   21 -1.50048041474E-02  1.47706340116E-02
     28   22 -2.90471034186E-02  1.09170177594E-02
     28   23 -2.06519094741E-02  7.91231078550E-03
     28   24 -3.20580614055E-03  2.34088037432E-02
     28   25 -9.54949666544E-03 -1.30840632996E-02
     28   26 -1.51346723250E-03  1.66584563316E-02
     28   27  1.13573169824E-02  6.83366590865E-03
     28   28 -5.50408632826E-03  9.73995187138E-03
     29    0 -1.77975737960E-02  0.00000000000E+00
     29    1  5.69986961533E-03 -1.31043062002E-02
     29    2  8.72749182998E-03 -2.65146575231E-02
     29    3  1.33810188625E-02 -6.23888546511E-03
     29    4  3.02360769257E-03  2.60040047630E-02
     29    5  1.39844305327E-02  7.77284575437E-03
     29    6 -5.56247928614E-03  2.24248376556E-03
     29    7  5.12434695230E-03 -1.40884816390E-02
     29    8  7.76284629916E-03 -1.46730950158E-02
     29    9 -1.58275342174E-02 -1.68212590243E-02
     29   10  2.59023629821E-02  1.15113766713E-02
     29   11  5.41354503814E-03  4.96565467817E-03
     29   12 -1.31329672104E-02 -1.75561445205E-02
     29   13 -1.22437605172E-02 -7.04070200809E-03
     29   14  1.83447209609E-02  2.10475279718E-02
     29   15 -1.81023549986E-02  7.45341071638E-03
     29   16  1.52838949781E-02 -1.10708769369E-02
     29   17 -1.30561608774E-02 -7.09344642833E-03
     29   18  6.34508537061E-03 -1.14013743296E-02
     29   19  7.65521498525E-03 -1.28031138190E-02
     29   20  2.82046183442E-03  9.52046673925E-03
     29   21 -1.52430923085E-02 -1.32374940056E-02
     29   22  1.14987021785E-02 -2.32572299867E-02
     29   23  2.44295439325E-02  8.52600552386E-03
     29   24 -1.30746542228E-02 -4.73108934784E-03
     29   25 -1.09746543266E-02 -1.74178367804E-02
     29   26  3.47438614584E-03  1.81786899798E-02
     29   27 -2.49617981262E-02 -9.20080611320E-03
     29   28  2.48338708019E-03 -1.43255238613E-02
     29   29  1.26400649135E-02 -2.56200729520E-02
     30    0  2.31465074487E-03  0.00000000000E+00
     30    1  1.49532259325E-02 -9.40907486444E-04
     30    2 -1.22889480382E-02  3.15766065848E-03
     30    3 -1.57084678439E-02  1.51740261758E-02
     30    4  1.51067005195E-02 -1.14929685996E-02
     30    5  6.72185092963E-03 -2.21165597655E-02
     30    6 -4.70340374882E-03  7.36460430099E-05
     30    7 -7.27587600608E-03 -1.28103621920E-02
     30    8 -1.66302156276E-04  2.65259905641E-03
     30    9 -6.17806204385E-03  1.75520964036E-02
     30   10 -7.90580186904E-03 -1.91130693243E-03
     30   11 -6.45276856789E-03 -6.34583395390E-03
     30   12  1.93774754682E-03  8.67064925597E-03
     30   13  4.69567557180E-03  2.12356241344E-02
     30   14  1.31134620486E-02  1.03794957390E-03
     30   15 -1.40440909953E-02  1.72259675778E-03
     30   16 -6.12790427542E-04 -5.24116689953E-03
     30   17 -1.25207955044E-03  2.14992522504E-04
     30   18  1.23955221018E-02  1.10032479357E-02
     30   19  1.32760837236E-03  2.10651346162E-02
     30   20  6.64320826527E-04 -9.65360664527E-03
     30   21 -2.21330172968E-02 -1.17066577034E-02
     30   22 -9.54361168682E-03 -5.88415975116E-03
     30   23 -2.02031672886E-02  7.71842467218E-03
     30   24 -5.68838441359E-03  4.22709378463E-03
     30   25  2.46079846259E-02  2.28577646217E-03
     30   26 -9.52451016053E-03 -1.60935199500E-03
     30   27 -1.70629176404E-02  8.73426004063E-03
     30   28  4.99186245593E-03 -1.43212886230E-02
     30   29 -8.88187898503E-03 -7.55827996528E-03
     30   30 -1.77890455950E-02  1.22136073283E-02
     31    0  1.75086777629E-02  0.00000000000E+00
     31    1  1.22886169925E-02 -8.54668062063E-03
     31    2 -4.92400731465E-03  1.21046428238E-03
     31    3 -1.39253958752E-02 -8.41590087683E-04
     31    4 -4.04176412952E-03  1.41294888944E-02
     31    5 -8.19202590071E-03 -4.68476212880E-03
     31    6 -2.29891474778E-04  1.34081412693E-02
     31    7  7.36771390515E-03 -1.18057525151E-02
     31    8  2.47038437542E-02  1.21929585638E-02
     31    9 -1.24018890608E-02 -1.35557406707E-02
     31   10  3.54853475021E-02 -7.07056845512E-03
     31   11 -4.41680948327E-04  2.64480347796E-02
     31   12  1.83384446499E-02  2.99303781333E-03
     31   13  1.08528715784E-02  8.56216582949E-03
     31   14 -1.76354028346E-02  8.36321949578E-04
     31   15 -7.05703560519E-03 -4.83481914404E-03
     31   16  1.63581399530E-02  1.35305271598E-02
     31   17 -6.15991907830E-04 -5.66033063302E-03
     31   18 -1.76620460539E-02 -1.02432384810E-03
     31   19 -1.62498457817E-03  5.29565169278E-03
     31   20  2.41297905128E-03 -2.68214782032E-02
     31   21  9.81588549838E-03  8.29866368153E-03
     31   22  2.40708322812E-03  8.00705738872E-03
     31   23  1.61880660964E-02  1.72691394710E-02
     31   24  1.83529569895E-02 -1.58438868644E-02
     31   25 -2.16032179094E-02 -9.79042866719E-03
     31   26 -7.29215575920E-03 -1.12454839278E-02
     31   27 -1.91499290081E-02  2.48794936551E-03
     31   28  1.25838005250E-03 -1.73487378256E-02
     31   29  1.93017423640E-02  7.78928426015E-03
     31   30  7.52067837760E-03  1.93310239681E-02
     31   31 -5.40845337929E-03 -1.48773834921E-02
     32    0 -6.78390222782E-03  0.00000000000E+00
     32    1 -2.03161048925E-02  1.49425540179E-02
     32    2 -1.15303982944E-02 -1.40467125022E-04
     32    3  3.00080956308E-03 -1.90076568259E-02
     32    4  5.24813263592E-03 -8.63394961243E-03
     32    5  7.93250110715E-03 -2.25330608463E-02
     32    6  7.87355448477E-03 -2.87417166284E-03
     32    7 -2.10610478901E-02 -2.09557067945E-02
     32    8 -9.29408869058E-03  8.21709383303E-03
     32    9 -1.93371106469E-03  6.85639831469E-03
     32   10  1.47965622921E-02  1.10668409032E-02
     32   11 -1.21473711535E-02 -1.26322582266E-02
     32   12 -1.09993061435E-03  5.87771513219E-03
     32   13 -9.52287527606E-03 -6.67999881501E-03
     32   14  2.19368942135E-03 -1.53630953219E-02
     32   15 -2.71952530033E-02 -1.06026943881E-02
     32   16  8.50775664420E-03 -1.18369469272E-02
     32   17 -1.47161130208E-02 -1.36489879602E-03
     32   18 -2.41268942115E-03 -8.28304040532E-03
     32   19  1.15307042811E-02 -1.45315729642E-03
     32   20  1.59053042508E-03 -2.64515455125E-02
     32   21  1.08753462118E-02  1.55069466023E-02
     32   22 -4.19416323094E-03  1.23025723520E-02
     32   23 -1.43384004153E-03 -1.94561295755E-02
     32   24 -1.34988836779E-02 -7.24812576153E-03
     32   25 -1.12063631619E-02  1.39368428619E-03
     32   26  1.34707103858E-02  1.32123099966E-02
     32   27  1.17989441886E-02  1.91658495616E-02
     32   28  1.82707739602E-02 -7.72926423439E-04
     32   29 -5.00681647723E-03  1.60891917427E-03
     32   30  1.98527397145E-03 -1.52620980094E-02
     32   31  2.11947754731E-02 -8.35968118416E-03
     32   32 -3.76234708481E-03 -9.07608294593E-03
     33    0 -7.60930278379E-04  0.00000000000E+00
     33    1 -5.29967952791E-04  4.32118550067E-03
     33    2  1.75713315615E-02 -5.50640552943E-03
     33    3  1.08190931721E-02  1.41479844632E-02
     33    4 -7.38141145749E-03  8.64285225917E-03
     33    5  1.18863953617E-02  6.06648117693E-04
     33    6 -1.50386212946E-02  3.91746993124E-04
     33    7  2.58692389588E-02  1.43743613884E-02
     33    8  8.80414227374E-03  1.39119131665E-02
     33    9 -4.91706323208E-04  1.65875019467E-02
     33   10 -1.36860658188E-02  2.73362135013E-03
     33   11  2.59933363063E-04 -3.55218932887E-03
     33   12  9.02806173890E-03 -1.61256114478E-02
     33   13 -1.68332603617E-03  2.09713434759E-03
     33   14 -8.71444157620E-03 -4.19094966008E-03
     33   15 -5.62940591535E-03  2.14391933697E-02
     33   16  1.90715657774E-02  1.69961051635E-02
     33   17 -1.21455767853E-02 -1.44249393350E-03
     33   18 -1.19242907730E-03 -3.95366289430E-03
     33   19  1.16896333766E-02  1.26246561452E-02
     33   20 -9.14496644235E-03  3.86638933659E-03
     33   21 -1.82416178246E-02  2.25922448477E-02
     33   22 -1.20289866925E-02 -4.65425493736E-03
     33   23  9.86806385831E-03 -2.86314966548E-03
     33   24 -5.20619524473E-03 -1.35073708750E-03
     33   25  1.12064508701E-02  1.01725550682E-02
     33   26  7.08255524885E-03  1.74274781968E-03
     33   27  2.44775948635E-03  4.35424920249E-04
     33   28 -2.74293505072E-02 -4.08547751130E-03
     33   29 -1.56963510680E-02 -1.75618189654E-03
     33   30 -5.99175015024E-03 -2.54837385986E-03
     33   31 -1.09894954559E-02  7.37634247049E-03
     33   32 -1.04444897912E-02  9.32282695920E-03
     33   33 -1.58478883896E-04  1.73380016831E-02
     34    0 -9.16927530301E-03  0.00000000000E+00
     34    1 -2.97108692264E-03 -5.59768936066E-04
     34    2  8.57578375195E-03 -6.90357945710E-03
     34    3 -1.31147858485E-02  7.00961826936E-03
     34    4  8.80385828328E-03 -1.02758428581E-02
     34    5  9.60668254258E-03  1.42686541098E-02
     34    6 -1.15795109442E-02  3.04958712183E-04
     34    7  1.33417858347E-02  6.26483238402E-03
     34    8 -2.32803277347E-02  7.88125591350E-03
     34    9  8.11041010155E-03  5.23888574978E-03
     34   10  2.17803338796E-02 -9.90578948023E-03
     34   11  1.70041041515E-02 -2.52967318710E-02
     34   12 -9.21693567450E-03  2.14435970312E-02
     34   13 -3.20627662906E-03  1.01542525988E-02
     34   14 -6.21972434789E-03  3.98403013496E-03
     34   15  9.31690426578E-03 -2.48078190603E-03
     34   16  5.75955741172E-03 -1.42543617916E-02
     34   17 -1.10069672625E-02 -2.43032661630E-02
     34   18 -2.19923252183E-02  4.30078244316E-03
     34   19  1.27831162404E-02  1.33967290861E-02
     34   20 -1.63059796749E-02 -5.21044034543E-03
     34   21  1.48343918161E-02 -6.01920552773E-03
     34   22  1.93160948832E-02 -2.91249581111E-03
     34   23  2.72784073459E-03  2.00946992217E-03
     34   24  5.56908991252E-03 -1.51981604304E-03
     34   25 -3.37041073730E-03  1.37388747084E-02
     34   26 -1.36342482219E-02 -1.18071691319E-02
     34   27 -1.13089197100E-02 -1.46936935880E-02
     34   28 -5.89429117403E-03  7.22662327352E-03
     34   29  9.43645383490E-03  1.10708465777E-02
     34   30  9.07222260297E-04 -1.74805709864E-02
     34   31  1.24348651432E-02 -1.69151525767E-02
     34   32 -6.25385672438E-03 -4.56739450968E-03
     34   33 -1.08439231069E-02  4.36174603745E-03
     34   34  3.04686116310E-03 -2.43291304174E-02
     35    0  8.39032197839E-03  0.00000000000E+00
     35    1  8.46699079401E-03  8.37006226936E-03
     35    2 -1.20243934687E-02  3.95144390933E-03
     35    3 -5.96817007998E-03  2.48399265130E-02
     35    4  1.27250699898E-02 -1.34820169021E-02
     35    5 -7.64050192684E-03  1.78499998602E-02
     35    6  4.51097410615E-03 -3.04624949288E-04
     35    7  7.73669899494E-03 -1.15674160102E-02
     35    8  4.40918785740E-03  1.31382928309E-02
     35    9  1.41449358932E-02 -7.94833482902E-03
     35   10 -4.79413010114E-03 -2.56685886859E-02
     35   11 -1.49406657262E-02  1.00760975857E-02
     35   12  4.37616825158E-03 -3.46129849506E-03
     35   13 -1.26263699213E-03 -1.55034145326E-02
     35   14  2.71910706175E-03 -8.77987727821E-03
     35   15  1.44725931826E-02 -2.99781206896E-03
     35   16  7.90393073234E-03  1.92964111065E-02
     35   17 -1.28383451272E-03 -8.64419685979E-03
     35   18 -5.06942132179E-03  2.43801455325E-03
     35   19 -1.17264130229E-03  8.42617972575E-03
     35   20 -1.22679661487E-02  3.07857919656E-03
     35   21  2.35682954389E-02  7.04159464678E-04
     35   22 -6.22044667896E-03 -1.42913689607E-02
     35   23 -4.67447578262E-03 -1.49588372571E-02
     35   24 -5.93021525398E-03  7.50836038070E-04
     35   25  2.04137527932E-03 -1.49319299094E-03
     35   26 -1.58475075956E-03 -2.77747765930E-02
     35   27  1.31646825719E-02 -1.35413740638E-02
     35   28  1.73445019520E-02  3.32176837333E-03
     35   29  1.62312844134E-02 -2.79121211234E-03
     35   30 -5.30000271948E-03  1.34775828341E-02
     35   31  9.43238092081E-03  2.19789100700E-02
     35   32 -2.84707856121E-02  1.77409688173E-02
     35   33  9.38118110423E-03 -1.06327579594E-02
     35   34  3.00913314414E-03 -1.91663051277E-02
     35   35  4.78584738295E-03  6.48178646531E-03
     36    0  7.69980769227E-03  0.00000000000E+00
     36    1 -4.43718953756E-03  1.28270549237E-02
     36    2  1.59702315324E-02 -1.43538720517E-03
     36    3  2.61932756306E-02 -1.39277597084E-02
     36    4 -1.35148788869E-02  5.63738455285E-04
     36    5 -5.24163193910E-03 -2.35239154203E-03
     36    6 -3.27538341093E-03  1.79767071081E-03
     36    7 -1.24915237954E-02  5.45635816630E-03
     36    8 -8.50710998012E-03  2.00555379921E-02
     36    9 -1.95119871377E-02 -1.91640169792E-02
     36   10 -1.65783991771E-02 -6.53883906994E-04
     36   11 -2.18381452753E-03  6.07355409529E-03
     36   12 -1.85373533316E-03 -5.19908423371E-03
     36   13 -8.47012649541E-03 -1.57564085891E-03
     36   14  1.28031822714E-02 -4.91629373531E-03
     36   15  1.17859537133E-03  1.02574260509E-03
     36   16  6.29247134864E-03  2.45679728432E-02
     36   17 -2.12390098840E-02 -3.23731582457E-03
     36   18 -2.34656518763E-03  3.51653086191E-03
     36   19  1.11971454609E-02  1.85779483018E-02
     36   20 -8.43527182791E-03 -8.71793202797E-03
     36   21  5.42196462727E-03 -7.24375033685E-03
     36   22 -8.05176609435E-03  6.66807839352E-03
     36   23 -1.15379069853E-03  6.79507193212E-03
     36   24  5.79750321757E-03  2.02606073425E-02
     36   25 -7.43769877583E-03  2.21160808275E-02
     36   26  1.64056026919E-03  2.09141794807E-03
     36   27  1.21525004336E-02  2.37192342286E-02
     36   28  5.78546492358E-03  1.90745397723E-03
     36   29 -3.10740311130E-03 -2.85480036864E-03
     36   30 -1.24764216234E-02  2.75446899354E-03
     36   31 -1.97165250130E-02 -2.24158066534E-02
     36   32 -4.72961014545E-03 -1.97949938540E-02
     36   33  2.12064436278E-02 -9.84670666512E-03
     36   34 -9.51272354954E-03  4.99839545284E-03
     36   35  7.69233257510E-03  1.90364274541E-02
     36   36 -3.79610016845E-03  1.63969849220E-03
     37    0  3.25365288569E-04  0.00000000000E+00
     37    1  4.47302661783E-03  5.78831446619E-03
     37    2 -1.45942834780E-02 -9.81293293246E-03
     37    3 -1.58971598412E-02  1.30890798188E-02
     37    4  7.26957826086E-03  5.89295381263E-03
     37    5  1.53684250461E-02  2.36012348162E-02
     37    6  1.76160754884E-02 -1.01254648197E-02
     37    7  3.07164397365E-02  1.17909433421E-02
     37    8  6.97009302384E-03 -1.43335970682E-02
     37    9 -3.61521197308E-03 -1.57014992758E-02
     37   10  2.20481983149E-02 -1.55698917910E-02
     37   11  1.37446421650E-03 -1.37685652852E-03
     37   12 -1.67258897572E-03 -6.14718531249E-03
     37   13  3.10451389263E-03  8.42110142583E-03
     37   14  1.07734196232E-02 -1.68482786624E-02
     37   15 -7.55134502182E-03 -2.87981688855E-03
     37   16 -4.39343945196E-03  1.32591832445E-02
     37   17 -5.78450526166E-03 -2.03519723911E-02
     37   18  8.22352160284E-03  9.15223065715E-03
     37   19  8.03575447834E-03 -2.19020770059E-02
     37   20 -1.95170266225E-02 -7.27106730035E-03
     37   21  4.87168477320E-03 -2.49871366748E-03
     37   22  2.91645411659E-03 -7.95444285992E-03
     37   23  1.49273325833E-02  1.26967447782E-02
     37   24 -1.54799491724E-02 -7.30497885927E-03
     37   25 -1.33234804591E-03 -1.14902369802E-03
     37   26 -4.41331605128E-05 -1.10889925404E-02
     37   27 -4.65065720588E-03 -3.64388931162E-03
     37   28 -1.98242359362E-02 -2.88316479035E-02
     37   29  1.18840380325E-03 -2.99699561681E-03
     37   30 -1.11093286411E-02 -1.21944044632E-02
     37   31 -9.01215575996E-03  1.02635370100E-02
     37   32  6.37474833257E-03  1.03678958936E-02
     37   33  3.55102918990E-03  8.70415730003E-03
     37   34  1.74344427597E-03  1.61356421839E-02
     37   35  1.50318283808E-02  7.71838267288E-04
     37   36 -1.92560905608E-02 -6.94932480083E-03
     37   37  8.48271274793E-03 -8.82270689505E-04
     38    0  5.05741829609E-03  0.00000000000E+00
     38    1 -2.88205021531E-03  3.38919070020E-03
     38    2 -7.56971968221E-03  3.53944219684E-03
     38    3 -4.77584228738E-04  2.16614843819E-03
     38    4  1.86922362102E-03  5.85816249768E-03
     38    5 -2.41991122685E-04 -1.74635678765E-02
     38    6  5.64408372170E-04  5.14807958433E-03
     38    7 -3.46388323257E-02 -8.77915886204E-03
     38    8 -2.46885686051E-02 -1.65431251176E-02
     38    9  1.17774140516E-02 -1.97843505439E-03
     38   10  1.41091690736E-02  1.57374719561E-02
     38   11  5.72743542635E-03 -3.32336700826E-03
     38   12 -4.72346022211E-03  9.20007064387E-03
     38   13 -4.71073542063E-03 -1.33637066724E-02
     38   14 -6.08007221465E-04  1.18460158917E-02
     38   15 -6.90477171261E-03  3.00115554682E-02
     38   16 -2.84386371989E-03 -2.84596833870E-03
     38   17 -3.35602562876E-04 -1.10142532327E-02
     38   18  3.98206820062E-04  3.70473505405E-03
     38   19  1.37722177201E-02 -7.56200123541E-04
     38   20 -1.34475716953E-02  4.64453687114E-04
     38   21  8.19442961078E-03 -3.06544954372E-03
     38   22 -2.87632245671E-03  1.06283999118E-02
     38   23 -3.41906845111E-04  1.86737198072E-02
     38   24  1.63194852029E-02 -1.10688232134E-02
     38   25  6.71522849796E-03  6.50879810611E-03
     38   26  1.51661433285E-03 -1.83239837104E-03
     38   27  1.62836709913E-02 -5.73485390477E-03
     38   28  1.31440848671E-02  9.79637390082E-03
     38   29  1.94710032443E-03 -6.32287895605E-03
     38   30 -1.09896129593E-02  1.85992982050E-04
     38   31 -2.54197177797E-03  9.06722652625E-03
     38   32  1.77882075955E-03 -1.26587566660E-02
     38   33 -2.83967968762E-03  1.47160957011E-03
     38   34 -8.16809921627E-03 -8.79264120533E-03
     38   35  5.23395868246E-03 -2.20532474715E-02
     38   36 -5.78894563572E-03  5.77870183791E-03
     38   37  1.11804280073E-02  1.98787973307E-04
     38   38 -9.54757555052E-03 -3.32759109816E-03
     39    0 -1.45598014441E-02  0.00000000000E+00
     39    1 -1.27072926398E-02 -4.53290335503E-03
     39    2 -3.19344866829E-03 -6.95061599107E-03
     39    3  1.08323745671E-02 -5.25081670961E-03
     39    4  1.07099225490E-02 -4.22210782443E-03
     39    5 -1.66347350564E-03  5.01164217784E-04
     39    6  5.80789659359E-03 -1.43647664258E-02
     39    7  9.59535574797E-03  6.09726997089E-04
     39    8  1.52098767576E-02 -5.59426692446E-03
     39    9 -2.76183446860E-03 -1.21605378576E-02
     39   10 -7.90024536287E-03  1.28219496340E-02
     39   11  6.57263249643E-03  1.26321334885E-02
     39   12 -1.01338032204E-03 -8.55250974983E-05
     39   13  8.81236534335E-03 -2.54122081137E-03
     39   14  1.32814510595E-02  6.26460162628E-03
     39   15 -6.58182601102E-03 -1.38561229773E-02
     39   16  1.23507679285E-02 -2.74534546745E-02
     39   17 -1.64598001386E-02 -1.15582421244E-02
     39   18  1.42962236562E-03  3.99024914950E-03
     39   19  2.13011332390E-03 -1.18527906221E-02
     39   20 -1.86633370631E-02  3.36173259429E-04
     39   21  2.10956579612E-03 -2.44798602041E-03
     39   22  1.31888930638E-03  1.60449645719E-02
     39   23  1.59248329443E-02  3.22919016767E-03
     39   24 -8.91598484236E-03 -1.35411662357E-02
     39   25 -3.11248656201E-04  9.10644377987E-03
     39   26  6.26562474685E-03  9.68362676414E-04
     39   27  7.69220765055E-03 -9.19385526400E-03
     39   28  9.09361206583E-03  2.31484606168E-02
     39   29 -9.31072735370E-04 -1.09346384341E-03
     39   30  8.53529714429E-03 -6.33540060741E-03
     39   31  2.35451046059E-02  7.79299861796E-03
     39   32  1.11850278733E-02 -4.11934034744E-03
     39   33 -2.91494920702E-04 -2.29106628573E-03
     39   34  9.87394231065E-03 -9.70489235313E-03
     39   35  1.04640194367E-02  2.18440871407E-02
     39   36 -7.51897482279E-03  1.65969903229E-02
     39   37  2.58327883794E-03 -1.96398381418E-02
     39   38 -1.08501928227E-02 -2.50465599609E-03
     39   39  5.32376903739E-03 -3.56852521213E-03
     40    0  1.83823892143E-03  0.00000000000E+00
     40    1  3.70902480193E-02  5.44318779898E-04
     40    2  5.84693093862E-04  8.08054932663E-03
     40    3  1.75047287297E-02  1.41223079170E-02
     40    4 -6.53318137405E-03 -3.53067933519E-03
     40    5  6.58159025590E-04 -1.04649061082E-02
     40    6 -1.48498708473E-02  1.30400097192E-02
     40    7 -1.15824357779E-02 -3.52377641758E-03
     40    8  7.17980589207E-03 -2.58180665664E-03
     40    9 -6.63940864240E-03  4.93984426472E-03
     40   10  8.42189708951E-03 -1.89669903943E-03
     40   11  2.15251886386E-03  7.11054289147E-03
     40   12  7.49539653146E-03  5.26239429051E-03
     40   13 -7.17138154333E-03 -4.01556688734E-03
     40   14  6.79606521451E-03 -4.71438253218E-04
     40   15 -7.48609020751E-03 -1.16097096992E-02
     40   16 -1.27146734203E-02 -5.17095410144E-03
     40   17 -9.94648109817E-04  5.21956838708E-03
     40   18  3.88769379319E-03  5.05398474329E-04
     40   19  3.12133642979E-04  9.62878132556E-03
     40   20  9.68420473695E-03  3.61279378520E-04
     40   21  8.48448204076E-03  4.59387391627E-03
     40   22 -1.48501392356E-02 -1.25812911321E-02
     40   23  1.81353703681E-03  1.84993411642E-03
     40   24 -3.80441112251E-03  8.78437441929E-03
     40   25  2.29103721172E-02  9.50397384094E-03
     40   26 -2.02841452106E-02  4.09910024211E-03
     40   27  2.99002049542E-03  4.62259251311E-03
     40   28 -1.03308971458E-02  1.84256289260E-02
     40   29 -2.55130745765E-03 -4.27847397356E-03
     40   30 -3.50243454949E-03 -8.80413679256E-03
     40   31 -1.00829231299E-02 -4.07777944632E-04
     40   32 -5.25843157278E-03 -6.24850014062E-03
     40   33 -2.25510817639E-02 -4.21498107788E-03
     40   34  6.62437099069E-03 -2.29775602124E-03
     40   35 -4.05036067691E-03  5.32523059283E-03
     40   36 -1.11474864264E-02 -8.97506776965E-03
     40   37 -7.03798318738E-03  2.24533249906E-03
     40   38  5.55953478649E-03  1.26874069171E-02
     40   39 -1.84388354605E-03  1.41263388618E-03
     40   40  7.21000114753E-03 -1.44126995335E-03
     41    0  1.86434948870E-02  0.00000000000E+00
     41    1 -1.96268065239E-03  1.09557696294E-02
     41    2 -2.91222317806E-03 -1.54233785074E-02
     41    3 -1.01509052783E-02 -8.89507301865E-03
     41    4 -4.05830902643E-03 -1.34848704570E-02
     41    5  3.00661423022E-02 -3.19662053902E-04
     41    6  2.45038765469E-03 -2.21120033765E-03
     41    7  6.17473016160E-03  1.24863111422E-02
     41    8 -9.81073941585E-03 -8.67483558258E-03
     41    9 -6.67072379195E-03 -1.09430127935E-03
     41   10 -7.16513382915E-03  1.37679147201E-02
     41   11  9.70484537174E-04  1.40779517688E-02
     41   12 -1.90531967290E-02  3.02438298944E-03
     41   13  3.05789952275E-04 -1.04578852962E-03
     41   14 -1.12570207080E-02  1.32744328680E-02
     41   15 -1.56052193885E-02  1.18890017382E-02
     41   16  1.54068219558E-02  7.62778723602E-03
     41   17 -1.28998259357E-02  1.15907504333E-02
     41   18  3.33400622941E-03 -4.59403624985E-03
     41   19  8.22048250762E-04 -1.80909067837E-02
     41   20  5.18678875766E-03  3.32917731863E-03
     41   21 -7.54284597385E-03  5.06178709059E-03
     41   22 -1.91450831146E-03 -1.06092254432E-02
     41   23  5.61647043066E-03 -1.37607321592E-03
     41   24 -9.63082083308E-03 -7.38108395095E-03
     41   25 -7.49542379944E-03 -5.60923503050E-03
     41   26  4.66409507103E-03 -5.39991260523E-03
     41   27  1.68475403151E-02 -8.18197718266E-03
     41   28  1.10324423035E-02  1.76001811323E-02
     41   29  1.40682901240E-02 -1.31840011938E-02
     41   30 -3.68729439413E-03 -9.87173054826E-05
     41   31  1.01498777384E-02 -4.41038473654E-03
     41   32  1.98361015846E-02 -5.71012208812E-03
     41   33 -1.50418434790E-03 -1.28691181740E-03
     41   34  7.13976381488E-04  6.73815236941E-03
     41   35  1.15454836278E-03  8.28218200861E-03
     41   36  8.28043409269E-03  3.97340784163E-03
     41   37  4.10334635457E-03 -6.25678298190E-03
     41   38 -4.23639790487E-04 -1.04130844678E-04
     41   39  8.75509396117E-03 -2.51039139508E-03
     41   40 -4.19373864318E-03 -1.37872018851E-02
     41   41 -2.13894462633E-03  8.18887093917E-03
     42    0  9.19115015495E-03  0.00000000000E+00
     42    1 -7.20269745183E-03 -6.54261813675E-03
     42    2 -1.55436207973E-02 -1.19016956859E-02
     42    3  9.22620529776E-03 -3.61511412633E-03
     42    4  1.58327647385E-03  4.03305149928E-03
     42    5 -2.52819081937E-02 -3.63541478642E-03
     42    6 -1.08827213438E-02  1.30148862936E-02
     42    7 -8.79955716449E-03  4.10916598700E-03
     42    8 -9.50846164426E-03  1.68263272965E-03
     42    9  1.72991984897E-02  1.06886406319E-02
     42   10  2.04464752214E-02  3.20355327585E-03
     42   11  2.22272861467E-03 -1.08070485641E-02
     42   12  4.07929719670E-03  2.49190305848E-03
     42   13 -1.46057575618E-03 -8.86058150875E-03
     42   14 -8.89259927478E-03  1.24993399638E-02
     42   15  5.96647299223E-03 -1.47958733553E-02
     42   16 -5.62794918134E-03 -1.94215642952E-02
     42   17  8.58724635889E-03 -3.27436502500E-03
     42   18 -6.40299467923E-03 -1.48879615006E-03
     42   19  4.28998822562E-03  9.11510259474E-03
     42   20  2.79627078013E-03  9.98745773764E-03
     42   21  1.25620223796E-02  4.47931354295E-03
     42   22 -1.83919468557E-02 -6.82635510622E-03
     42   23  4.28379893939E-03  9.39941235200E-04
     42   24  2.34859254047E-03 -1.86142913349E-03
     42   25  3.10159018001E-03  5.83847559268E-03
     42   26  1.05267954109E-03 -5.17992233227E-04
     42   27  3.01797240252E-03  9.56135714267E-03
     42   28 -1.36062878880E-03  8.28453662320E-03
     42   29 -1.57002521601E-02 -1.27860417710E-02
     42   30 -8.29123445479E-03 -5.20528278768E-04
     42   31 -1.84368182777E-03  2.23749600922E-02
     42   32 -3.94386054301E-03 -9.30742684126E-03
     42   33 -6.71020314912E-03 -1.17283188441E-02
     42   34  1.03605281806E-02  1.20629591331E-02
     42   35  1.27218573575E-02 -1.16267157558E-02
     42   36 -7.06686612170E-03  2.56862538008E-03
     42   37 -1.32279484950E-02  1.46639704462E-02
     42   38  4.11211914859E-03  7.80798210054E-03
     42   39 -5.66531366052E-03 -8.23425651857E-03
     42   40  6.58126963140E-03  1.22050580049E-02
     42   41  3.78318440296E-03 -3.71311175367E-03
     42   42  7.39350375240E-03 -8.61015837930E-03
     43    0 -6.03397467735E-04  0.00000000000E+00
     43    1 -3.64748218804E-03 -1.39636790128E-02
     43    2  1.79165742245E-02 -1.15899138221E-02
     43    3 -6.36272211377E-03  9.37495352545E-03
     43    4  1.24544658947E-02 -8.85653745238E-03
     43    5  9.00807776202E-03  1.02017967000E-02
     43    6  1.31883797848E-02  9.97626054904E-03
     43    7  5.20698745361E-03 -1.40287321720E-02
     43    8 -9.02737575186E-03 -1.10896643565E-02
     43    9  5.80593806773E-03 -1.63061560285E-02
     43   10 -1.28580680177E-02  5.68850931434E-03
     43   11 -2.07999513011E-02 -1.33850113299E-02
     43   12  1.42351043212E-03 -1.22905918903E-02
     43   13 -4.52365915594E-03 -7.27826237738E-03
     43   14  4.26169721538E-03  5.12160081357E-03
     43   15  1.16746416730E-02 -2.02968058178E-02
     43   16 -3.21571395339E-03 -1.20146565552E-02
     43   17 -1.95486883683E-02  2.34100496816E-02
     43   18 -1.61337801911E-02 -4.24997349394E-04
     43   19  1.22615110837E-02  3.49707033123E-03
     43   20  3.27351811059E-04  1.30302982183E-02
     43   21 -1.61094299000E-02 -1.98951095691E-02
     43   22 -1.39925758603E-02 -6.94361252815E-03
     43   23  2.24405753464E-02  8.36635645799E-03
     43   24 -3.83172472825E-03 -8.75454923778E-03
     43   25  2.46538243768E-02 -1.28942106286E-02
     43   26 -1.39620009630E-02  1.62999392457E-02
     43   27  1.07707498173E-02  4.72616718026E-03
     43   28 -5.20372775320E-03 -1.51729400993E-03
     43   29 -7.43792628388E-03 -6.56074948948E-03
     43   30 -1.46587441486E-02  7.16839080179E-03
     43   31  9.33272977887E-03 -3.58603273282E-03
     43   32  5.15797478326E-03  3.44288499961E-04
     43   33 -3.09504405946E-03  8.85895591893E-03
     43   34  9.80063803129E-03  6.24670716391E-03
     43   35 -5.61913039494E-03 -2.15882707408E-02
     43   36 -2.06011788042E-02  1.54904463445E-02
     43   37  1.41487657494E-02  4.78544392242E-03
     43   38  1.35167405852E-03 -1.30386421602E-02
     43   39  3.24629667180E-03 -2.35926811511E-03
     43   40 -5.77192306883E-03  7.08495605975E-03
     43   41 -1.84912042010E-02  1.17897250098E-02
     43   42  2.88091989851E-03  1.60716966075E-02
     43   43 -5.18759759744E-03  5.51796651023E-03
     44    0  4.63061231600E-03  0.00000000000E+00
     44    1  2.15546915219E-03 -1.04650821551E-02
     44    2 -7.25648426387E-03  5.79137275074E-03
     44    3  2.61423810851E-02 -1.04109733863E-04
     44    4 -2.37258666781E-02 -2.07653769555E-03
     44    5  7.29563864214E-03 -1.23560130296E-03
     44    6 -1.69988335940E-02 -1.16988706963E-02
     44    7  5.16819335978E-03 -4.44284703051E-03
     44    8 -4.62033962715E-04  1.06587454668E-02
     44    9 -6.74883083814E-03  1.59144246293E-02
     44   10 -1.08435536713E-02 -5.92868985072E-03
     44   11  1.73852989846E-02 -1.69903814845E-03
     44   12 -1.29807429490E-03  1.28990870651E-02
     44   13  3.19665529954E-03  7.00871367499E-03
     44   14 -1.42396211234E-02  2.77529063563E-03
     44   15  5.07682215364E-03  7.42967443024E-03
     44   16 -4.04725677952E-03  3.01281937558E-02
     44   17  7.45481897858E-03 -1.11707850331E-02
     44   18  9.31812169471E-03 -6.95137313873E-03
     44   19 -1.20790086661E-02 -5.09018695905E-03
     44   20 -1.68086143063E-02 -5.30058639665E-03
     44   21  3.08895754238E-04  3.83092949694E-03
     44   22  9.21571156130E-04  4.67671464383E-03
     44   23  9.95006384260E-03  1.01757908695E-02
     44   24  7.28554597913E-03 -1.08866842993E-02
     44   25 -1.84160163971E-03  2.06462823265E-03
     44   26 -1.92357211904E-02 -7.41458697158E-03
     44   27  1.14564521640E-03  6.73778055197E-03
     44   28  5.28037982442E-03  1.04446390349E-04
     44   29  8.04187891888E-03 -3.96657053806E-03
     44   30  2.08057278298E-02 -1.65137557056E-02
     44   31  4.42594050535E-03  4.77091881407E-03
     44   32 -3.31542208732E-03  1.59925656027E-03
     44   33 -1.26906812320E-02 -1.21808532523E-02
     44   34  1.17393321481E-02 -1.35642877258E-02
     44   35 -6.31651792208E-03 -1.79749215651E-03
     44   36  1.50791154472E-02  1.49987903060E-03
     44   37  2.90319965782E-03 -6.34143755901E-03
     44   38 -1.06300156932E-02  3.77170158165E-03
     44   39 -1.75214054852E-02 -5.41814955133E-03
     44   40 -9.99913813508E-03  9.99432963208E-04
     44   41  6.43913135926E-03 -8.86311797266E-03
     44   42  1.06782302211E-03 -2.05549353048E-02
     44   43 -8.88645995856E-03 -2.10008881842E-02
     44   44  1.62493680860E-03 -5.95914334414E-04
     45    0  9.46049811723E-03  0.00000000000E+00
     45    1 -5.68550980888E-03  1.68987235511E-02
     45    2  2.78354506671E-03  1.61078086694E-02
     45    3 -9.77880061397E-03  9.07701308230E-03
     45    4 -1.95741789705E-04 -1.88383773734E-03
     45    5 -3.39360720785E-03  3.04295665905E-02
     45    6 -1.00104064361E-02  7.14752390974E-03
     45    7  6.52655427413E-03  6.34308398533E-03
     45    8 -1.68910945605E-02  8.65505285622E-03
     45    9  1.75862931363E-02 -1.28983958763E-03
     45   10 -5.49902987919E-03  6.17169858157E-03
     45   11  3.91572318757E-03  4.63371716226E-03
     45   12 -1.25554162939E-02  4.62153239917E-03
     45   13 -3.32977826730E-03 -7.80470330589E-03
     45   14  5.46418084755E-03  1.24936804653E-02
     45   15  4.28897511409E-03 -1.03391404797E-02
     45   16 -1.77669032986E-02 -7.63423144712E-03
     45   17 -3.96958022896E-03 -8.01963302972E-03
     45   18 -1.54528752207E-02 -1.76684337568E-02
     45   19  1.66330366456E-02  6.86867975049E-03
     45   20  6.22791211328E-03  8.34025182913E-03
     45   21  4.65082939784E-03 -3.71260398777E-03
     45   22  4.62783182095E-03  2.38457671630E-03
     45   23  8.95431220162E-03  5.50212800637E-03
     45   24  9.78599985643E-03  5.32504971287E-03
     45   25 -2.18582732669E-02 -2.08102690693E-04
     45   26 -5.84940659702E-03  1.11028322507E-03
     45   27  5.68254018368E-04  7.99907630299E-03
     45   28 -5.67014365913E-03  3.20711113714E-04
     45   29  1.85954212247E-03 -1.05961107009E-04
     45   30 -1.65773635382E-04  4.30667774847E-03
     45   31 -6.36838011562E-03  8.15041497591E-04
     45   32 -7.73292388643E-03 -3.61303381566E-04
     45   33  6.96510883424E-03 -5.55225608294E-03
     45   34  1.39298750678E-02  9.82407163628E-03
     45   35  2.18566177440E-02 -9.29938454790E-03
     45   36 -3.36703540570E-03  1.37789429907E-02
     45   37  1.52830575538E-03 -9.96868311897E-04
     45   38 -5.84773654117E-03  1.07308185405E-02
     45   39 -7.83629231201E-03 -7.49641468758E-03
     45   40  9.99802890453E-03  9.82152151165E-03
     45   41 -9.86118832964E-03 -2.01106352889E-03
     45   42 -1.35799299568E-02  5.22282768973E-03
     45   43  8.76727666192E-03 -1.61504937097E-02
     45   44 -4.67689201195E-04  4.51069688918E-03
     45   45 -6.33510851087E-04  3.41689431393E-03
     46    0 -3.29439582862E-02  0.00000000000E+00
     46    1  7.54055735730E-03 -5.22809133440E-03
     46    2  7.65459910451E-04  3.51683597358E-03
     46    3 -1.25689186384E-02 -2.30822921953E-02
     46    4 -2.74818329254E-05  1.29705380915E-02
     46    5 -7.79222014215E-03 -2.13337740159E-02
     46    6  1.71359262678E-03 -8.49262793192E-03
     46    7  4.26515255837E-05 -2.05098992055E-02
     46    8  1.55913803095E-02  4.58663039115E-03
     46    9 -7.12963222792E-03 -2.32151650450E-02
     46   10  2.73641246194E-03 -5.54738439038E-04
     46   11 -1.99098596300E-02  9.94422857998E-03
     46   12 -1.56834186308E-02 -1.27755428606E-02
     46   13  1.89142862207E-02 -1.51406557387E-03
     46   14  8.73775384022E-03 -1.02180985205E-02
     46   15 -5.81192571020E-03 -1.79449098625E-02
     46   16  1.24573557804E-02  8.97013542148E-03
     46   17  1.16795996553E-02  5.98258622811E-03
     46   18 -4.07287194055E-03  9.05022739957E-03
     46   19  1.01656814550E-02  2.49601520380E-02
     46   20 -1.84409067783E-03 -2.69070862931E-03
     46   21  7.40285624104E-03 -7.28653942310E-04
     46   22 -1.61458343876E-02 -1.43788367594E-02
     46   23  2.84474434959E-03  9.93711097563E-03
     46   24 -2.62270821165E-02 -1.47224028656E-03
     46   25 -2.39648622879E-03 -4.95279044296E-03
     46   26  5.21044438151E-03 -4.29583219027E-03
     46   27 -7.54378598966E-03 -2.12114894875E-03
     46   28  4.00924570537E-03 -1.57337192188E-03
     46   29 -5.77728291666E-05  1.08535936507E-02
     46   30  3.08408258745E-03  1.10766125725E-03
     46   31  1.48113248568E-03  4.20167335718E-03
     46   32  1.48428328304E-02  1.47371272271E-02
     46   33 -1.61794277078E-02  1.85001545964E-04
     46   34 -3.60051423219E-04  1.49306782816E-02
     46   35 -1.47982996362E-02  3.02202299306E-03
     46   36 -1.26838129058E-03  7.72563632625E-03
     46   37  7.90803290425E-03 -2.78409382473E-03
     46   38 -2.00124314210E-02  9.63821066821E-03
     46   39 -6.94838809564E-05 -1.60547614135E-02
     46   40  2.45571774299E-03  1.66939075117E-02
     46   41 -8.59650831089E-03 -9.56621717615E-03
     46   42  8.44284750085E-03 -6.71403123806E-03
     46   43 -1.09999217871E-02 -4.70687601189E-03
     46   44  1.32882131192E-02  9.87086733964E-03
     46   45  4.12295066436E-03 -1.61188034169E-02
     46   46  8.61874301669E-03 -3.76721130502E-03
     47    0  1.21153057125E-02  0.00000000000E+00
     47    1  5.13798460042E-04 -1.87574007683E-03
     47    2  1.05832648021E-02 -2.48564186639E-03
     47    3  1.52723597533E-02  1.12813178042E-02
     47    4 -2.61027977457E-03  2.81385385479E-03
     47    5 -6.33368588671E-03 -1.17217251993E-03
     47    6  3.22203681874E-03 -5.97501684744E-03
     47    7 -1.12172767362E-02 -1.09350236009E-03
     47    8 -8.26301764726E-03 -4.65930589116E-03
     47    9 -7.37119256861E-03  9.72042692706E-03
     47   10 -4.34200083024E-03  2.05309671856E-02
     47   11  3.96920795464E-03 -5.36815824766E-03
     47   12  1.29892931702E-02 -4.53307231110E-03
     47   13 -5.23410008391E-03  1.38058517066E-03
     47   14  3.15153486255E-03 -7.75778473265E-03
     47   15 -3.87062801635E-03  2.37214879267E-02
     47   16  1.36642232174E-02  9.78702115554E-03
     47   17 -1.15190166136E-02 -1.11249760014E-02
     47   18  1.39649848627E-02  4.80674524300E-03
     47   19  1.19526707993E-02  6.14542113475E-03
     47   20 -8.35313851710E-03 -3.82666182106E-03
     47   21  1.64795756229E-03 -4.51721117486E-03
     47   22  1.18671065746E-03  3.65743388392E-04
     47   23 -1.19450039509E-02  8.95708082987E-03
     47   24  6.00066899170E-03 -1.34450802595E-02
     47   25 -6.21286325473E-03  1.58371021255E-03
     47   26  3.57980594871E-03 -7.28075481809E-03
     47   27 -2.79211988121E-03 -4.99380360813E-03
     47   28  1.20339129079E-03 -1.54696864627E-02
     47   29 -1.34548363255E-03 -1.34305027584E-02
     47   30 -1.57100189714E-02  2.25485229724E-04
     47   31 -4.13360950679E-04 -9.77934236245E-03
     47   32  3.35713616147E-03 -1.41427600086E-03
     47   33 -1.90670215973E-02 -4.30359741117E-03
     47   34  2.07486547978E-03 -1.94787831258E-02
     47   35  1.13062597679E-04  2.70645791073E-03
     47   36  7.22689884858E-03 -4.27406657030E-03
     47   37 -1.75097635647E-02 -6.48980899898E-03
     47   38  1.62286677818E-02 -9.52167963611E-03
     47   39  5.94414212263E-03 -2.05050832729E-03
     47   40 -1.12216784628E-02  8.28557083148E-03
     47   41 -9.78944640861E-03 -1.05287293068E-02
     47   42  7.58955719456E-03 -2.82543639493E-03
     47   43 -2.06593821633E-03  5.79333609375E-03
     47   44  1.45028926383E-02 -1.97119885616E-02
     47   45 -1.72027965957E-03  2.36198679284E-02
     47   46  2.48657157099E-03  5.15336704318E-03
     47   47 -6.99698183001E-03  7.89803164236E-03
     48    0  6.68249877630E-03  0.00000000000E+00
     48    1  9.60692064520E-03 -5.15543971069E-03
     48    2 -7.96513492991E-03  6.77773936433E-06
     48    3 -1.09142949334E-02  2.47473640384E-03
     48    4  7.04195815821E-03  6.80149685564E-04
     48    5 -2.36242243228E-03 -6.97589281058E-03
     48    6  6.25111870867E-03 -9.67600061043E-03
     48    7  1.71573710698E-02  5.70609327203E-03
     48    8  1.37403255796E-02  3.24964674914E-03
     48    9  3.63053144902E-03 -4.14328896156E-03
     48   10  8.14910209397E-03  2.14233561547E-03
     48   11  7.88060383264E-03 -9.51144806859E-03
     48   12 -1.14005168783E-02  4.05612621637E-03
     48   13  6.48001670526E-03  9.73266392260E-03
     48   14 -4.24813349515E-03  3.39335877058E-04
     48   15  1.64761480870E-03  1.04264502912E-02
     48   16 -2.31273846887E-02 -1.27502474633E-03
     48   17  9.35650028644E-03  1.32934885492E-02
     48   18  1.60453492104E-02  1.52477091806E-02
     48   19 -6.74313755612E-03 -4.74084762039E-03
     48   20 -6.79316389406E-03 -6.34503390310E-03
     48   21  9.54280502027E-04 -4.41653890296E-04
     48   22 -6.25115794636E-03 -5.02517693459E-03
     48   23 -1.64369435792E-03  1.01230045370E-02
     48   24 -4.88835547964E-04 -1.72537498710E-02
     48   25  1.57048963228E-02  6.38470003945E-03
     48   26 -1.18601478866E-04 -7.69698032324E-03
     48   27  4.55945801660E-03 -1.32238295045E-02
     48   28  1.48291922198E-02  5.21023800074E-03
     48   29  3.17760353625E-03 -8.65483146876E-03
     48   30  4.96569269423E-03  1.11924398549E-03
     48   31  1.22140533442E-02  2.22808791863E-03
     48   32 -4.22105082625E-03  6.32295451054E-03
     48   33 -7.63280444417E-03 -1.94400317211E-02
     48   34  1.10810772668E-02  1.60351523099E-02
     48   35  7.28459211032E-03  8.03758042366E-03
     48   36  1.05041972447E-02  5.23099581434E-03
     48   37  6.63201398216E-03  1.26802115293E-02
     48   38  2.49661336820E-02 -2.43320337987E-03
     48   39 -9.84153679795E-03  6.85185212397E-03
     48   40 -1.57212378308E-02 -4.74886757948E-04
     48   41  9.12535751378E-03 -3.42501706317E-03
     48   42  2.50079849348E-03  3.86754733643E-03
     48   43  8.84516380129E-03 -5.09482833168E-03
     48   44 -3.59892343343E-03 -6.38492953256E-03
     48   45 -5.78449315601E-03  1.70364787484E-03
     48   46 -1.25272613889E-02 -1.01869279805E-02
     48   47 -2.43744658605E-03 -4.21882121239E-03
     48   48 -2.90620221480E-03 -3.70317817819E-03
     49    0  9.76814809930E-05  0.00000000000E+00
     49    1 -9.03477744557E-03  1.71220241796E-02
     49    2 -6.82404461467E-03 -1.00456154347E-02
     49    3  7.87085446761E-03  1.20166960063E-02
     49    4 -9.06047557457E-03  9.54555813433E-04
     49    5 -4.22648993300E-03  6.34243690467E-03
     49    6 -1.23258573081E-02  3.44428115201E-03
     49    7  1.12933821116E-03  5.79870268308E-03
     49    8 -2.33680590622E-02  7.40311426691E-03
     49    9  8.74904654297E-04  6.03894584512E-03
     49   10 -6.00242318989E-03  1.55985434126E-02
     49   11 -6.46510643300E-03 -8.53949715368E-03
     49   12 -2.24728469323E-03  7.77621663813E-03
     49   13 -1.60776615809E-02 -6.60942249390E-03
     49   14  8.31544316158E-03 -1.85546619183E-03
     49   15  6.27583766346E-04  3.00853226559E-03
     49   16  3.47173794412E-03  4.31329208330E-03
     49   17  1.00668449508E-02  4.29229919560E-03
     49   18 -1.72895991891E-02  1.01922020148E-02
     49   19 -1.13578532961E-02 -1.18737600438E-03
     49   20 -8.78427699784E-03 -6.84045402182E-03
     49   21 -5.64146577901E-03  2.04813888489E-02
     49   22 -5.26929881780E-03  3.17309990980E-03
     49   23  5.34350650346E-03  1.28795178777E-03
     49   24  8.61335346563E-03  1.21325264085E-03
     49   25 -2.67780384933E-02  1.31526031980E-02
     49   26  1.96835934667E-03  1.07180271808E-03
     49   27  4.49498345143E-03  1.86476006511E-02
     49   28  3.65111383295E-03  5.16638696749E-03
     49   29 -7.47180764794E-03 -1.04028628010E-02
     49   30  1.41400506355E-02  2.60954592041E-02
     49   31 -1.06994900070E-02  3.13827645664E-03
     49   32 -4.06783408879E-03  1.60128394104E-03
     49   33  2.04233629930E-03  5.37190413141E-04
     49   34  1.29822899481E-02  4.92714870750E-03
     49   35  8.05995092807E-03  1.53896309262E-02
     49   36 -1.30482473491E-02 -6.90267189545E-03
     49   37 -9.94660159930E-03 -1.26947364835E-02
     49   38 -6.31564940394E-03 -1.54630014905E-02
     49   39 -4.70040160482E-04  4.29795971012E-03
     49   40  4.15277512998E-03  5.22918325676E-03
     49   41  9.93244389461E-03 -1.62895532650E-02
     49   42  3.78903055473E-03 -9.68225671932E-03
     49   43 -1.14987560565E-02 -3.73136039924E-03
     49   44  1.54394271982E-02  4.69581533388E-04
     49   45  7.05502516600E-03  4.99924548834E-03
     49   46  5.38484343147E-03 -1.20745605842E-03
     49   47 -6.15543796852E-03  1.22213716128E-02
     49   48  1.01631355385E-02 -6.90481727203E-03
     49   49 -5.83077903110E-03 -7.03489627769E-03
     50    0 -4.24445565350E-04  0.00000000000E+00
     50    1 -3.03137753121E-03 -5.40194357843E-03
     50    2  1.39317048051E-02 -1.70199060736E-03
     50    3 -1.16855566665E-03 -5.92264414625E-03
     50    4  2.99138417971E-03 -2.81833567448E-03
     50    5 -1.50584668267E-02 -7.26851294633E-03
     50    6  2.24388053007E-02 -9.69743458720E-03
     50    7  4.99659472956E-03 -1.73306257683E-03
     50    8  1.38075477249E-02 -7.84283223051E-03
     50    9 -5.44301268082E-03 -3.81938487515E-03
     50   10  9.46964992333E-03 -4.35657691471E-03
     50   11  4.86170160217E-03 -1.04447479453E-02
     50   12 -5.21974453995E-04  3.56233143174E-03
     50   13  1.61361575029E-02 -4.05576975401E-03
     50   14  1.04641651694E-02  1.33177293299E-03
     50   15 -1.93293255297E-02  5.00222692466E-03
     50   16  6.99070993476E-03  3.81038979716E-03
     50   17 -1.56494134809E-02 -1.72876009437E-02
     50   18 -2.33350468367E-03 -1.18440713530E-02
     50   19  4.87587931693E-03 -9.50215789383E-03
     50   20 -1.70341499771E-02 -5.17165435168E-03
     50   21  2.98000968706E-03 -8.44204002710E-03
     50   22  4.77303368898E-03 -3.33544469153E-03
     50   23  1.88593909472E-03 -1.73687624660E-04
     50   24  5.11373515394E-03 -8.82428655736E-03
     50   25  4.29162204758E-03  4.40923120150E-03
     50   26  1.19456451769E-03  1.46828073737E-02
     50   27  2.08395046710E-03  6.41814488033E-03
     50   28  1.86081461231E-03 -5.74965156881E-03
     50   29  1.16238349996E-03 -9.43125175748E-03
     50   30 -4.36014230421E-03  3.56423681179E-03
     50   31 -1.03273043485E-02 -5.59424549968E-03
     50   32  8.26640142103E-03  3.03204493887E-03
     50   33 -5.79556726609E-03  2.83673510842E-03
     50   34 -1.18368672614E-03 -6.75105010295E-03
     50   35 -6.44067505810E-03  8.81953139204E-03
     50   36 -1.74870615471E-02 -2.02157810696E-03
     50   37  1.10398031618E-02  8.97235325969E-03
     50   38  1.25462617095E-02  8.94021747225E-03
     50   39  2.10075349467E-04  7.12855411685E-03
     50   40  1.84461477199E-02 -3.34368247141E-03
     50   41 -3.27928446744E-03 -1.58281826042E-03
     50   42 -2.60820140905E-03  1.18820662858E-03
     50   43  1.23711923166E-02  1.65972265493E-02
     50   44  1.61242997493E-02  1.91817164278E-02
     50   45 -1.71115822156E-02  2.47493598413E-03
     50   46 -7.51538117973E-03  3.49444221634E-03
     50   47 -1.93945295375E-03  8.74937706699E-03
     50   48  2.05970184153E-03 -2.68653189052E-02
     50   49  2.21720893796E-03  7.98441009852E-03
     50   50  1.92373180094E-02 -1.42096306228E-03
